010010010000000000000000000000000000000000000000
000010010000011000100000100000000000000000000000
000011101100000000010000110110000000000000000000
000011000100000000010000110110000000000000000000
011010100000000000000000000000000000000000000000
000010010000011000100000100000100000000000000000
000011001100000000010000110110000110000000000000
000010111100000000010000110110000110000000000000
000101101100000000100000000001100000000000000100
000010010000011000100000100001000000000000000000
000000000000000000000000000000000000000000000000
000000000000000000000000000000000000000000000000
000010010000000100000100110000000000000000000000
000010010000011000001000100000000000000000000000
000010010000010000010000001010000010000000000000
000011100100000000010000000000000000000000000000
001010000000000000000000000000011100000000000000
001010001000000000000000000000011000000000000000
000100001100000110000000000000000100000000000000
000100001100000110000000000000000100000000000000
000010010000010110000101110000000000000000000000
000010010000010110000101001100000010000000000000
000010010000000100000100001000000010000000000000
000010000010000000100000000001100100000000000000
000010001010000000100000000001100000000000000000
001011001010000000000000000000010100000000000000
000110011010000100000110000000000101001010001001
000010010000011001000000000000000100000000000000
001011100010010010000001000000010100000000000000
001011101010000000000000000000010000000000000000
000010010000000101000010000000000000000000000000
000010010000011001000000000000000000000000000000
100000000000100000000000000000000000000000000000
001100001010000000000000000000010100000000000000
000000000000000000000000000000000000000000000000
000100000001000001000000000000000100000000000000
000000000000000000000000000000000000000000000000
001100101010000000000000000000010100000000000000
000110101100010000000000000000000000000100010110
000010010000000101000010000000000100000000000000
001101000000000000000000000000011100000000000000
000000000000000000000000000000000000000000000000
000110110100010000000000000000000000000100100110
000000000000000000000000000000000000000000000000
001101100000000000000000000000011100000000000000
001101101010000000000000000000010100000000000000
000100101100000000000000000000000000000001000000
000100110000000101000010000000000100000000000000
000000000000000000000000000000000000000000000000
000000000000000000000000000000000000000000000000
000010010000000000000000000000000000000000000000
000101000100010000000000000000000000000100100110
000000000000000000000000000000000000000000000000
001110101010000000000000000000010100000000000000
000101100010000010000000000000000100000000000000
000111000000000001000000000000000000001000000000
000110010000010000000000000000000000000100010111
000000000000000000000000000000000000000000000000
000010010000010000000000000000000000010100000110
000110011000010000000000000000000000100100110110
000000000000000000000000000000000000000000000000
000000000000000000000000000000000000000000000000
000000000000000000000000000000000000000000000000
000000000000000000000000000000000000000000000000