0100100100000000000000000000000000000000000000000000000
0000100100000110001000001000000000000000000000000000000
0001010011000000000100001101100000000000000000001000000
0001010011000000000100001101100010000000000000001000000
0110101000000000000000000000000000000000000000000000000
0000100100000110001000001000001000000000000000000000000
0001010011000000000100001101100001100000000000001000000
0001010011000000000100001101100011100000000000001000000
0001010011000000001000000000011000000000000001001000000
0000100100000110001000001000010000000000000000000000000
0000000000000000000000000000000000000000000000000000000
0000000000000000000000000000000000000000000000000000000
0000100100000001000001001100000000000000000000000000000
0000100100000110000010001000000000000000000000000000000
0000100100000100000100000010100000100000000000000000000
0001010011000000000100000000000000000000000000001000000
0010100000000000000000000000000111000000000000000000000
0010100010000000000000000000000110000000000000000000000
0001010011000001100000000000000000000000000000001000000
0001010011000001100000000000000000000000000000001000000
0000100100000101100001011100000000000000000000000000000
0000100100000101100001010011000000100000000000000000000
0000100100000001000001000010000000100000000000000000000
0000100000100000001000000000011001000000000000000000000
0000100010100000001000000000011000000000000000000000000
0010110010100000000000000000000101000000000000000000000
0001100110000001000001100000000000010010000010010000000
0000100100000110010000000000000001000000000000000000000
0010111000100100100000010000000101000000000000000000000
0010111010100000000000000000000100000000000000000000000
0000100100000001010000100000000000000000000000000000000
0000100100000110010000000000000000000000000000000000000
1000000000001000000000000000000000000000000000000000000
0011000010100000000000000000000101000000000000000000000
0001010000100000000000000000000001000000100000000000010
0001000000010000010000000000000001000000000000000000000
0000000000000000000000000000000000000000000000000000000
0011001010100000000000000000000101000000000000000000000
0001010011000100000000000000000000000001000101101000000
0000100100000001010000100000000001000000000000000000000
0011010000000000000000000000000111000000000000000000000
0001111001000000000000000000000000000000000000000100000
0001010011000100000000000000000010000001001001101000000
0000000000000000000000000000000000000000000000000000000
0011011000000000000000000000000111000000000000000000000
0011011010100000000000000000000101000000000000000000000
0001010011000000000000000000000000000000010000001000000
0001001100000001010000100000000001000000000000000000000
0000000000000000000000000000000000000000000000000000000
0000000000000000000000000000000000000000000000000000000
0000100100000000000000000000000000000000000000000000000
0001010011000100000000000000000010000001001001101000000
0000000000000000000000000000000000000000000000000000000
0011101010100000000000000000000101000000000000000000000
0001011000100000100000000000000001000000000000000000000
0001110000000000010000000000000000000010000000000000000
0001100100000100000000000000000000000001000101110000000
0000000000000000000000000000000000000000000000000000000
0000100100000100000000000000000000000101000001100000011
0001100110000100000000000000000000001001001101100000000
0011111000100000000000000000000101000000000000000000000
0011111010000000000000000000000111000000000000000000000
0001111010100000000000000000000000000000000000000000100
0000000001000000000000000000000000000000000000000111000